(() => {
  // src/demos/start_plank.txt
  var start_plank_default = '<?xml version="1.0" encoding="utf-8"?>\n<COLLADA xmlns="http://www.collada.org/2005/11/COLLADASchema" version="1.4.1">\n  <asset>\n    <contributor>\n      <author>Mixamo</author>\n      <authoring_tool>COLLADA Mixamo exporter</authoring_tool>\n      <comments/>\n    </contributor>\n    <created>2023-03-16T12:31:27Z</created>\n    <modified>2023-03-16T12:31:27Z</modified>\n    <revision/>\n    <title/>\n    <unit meter="0.010000"/>\n    <up_axis>Y_UP</up_axis>\n  </asset>\n  <library_animations>\n    <animation id="mixamorig_Hips-anim" name="mixamorig_Hips">\n      <source id="mixamorig_Hips-Matrix-animation-input">\n        <float_array id="mixamorig_Hips-Matrix-animation-input-array" count="148">\n\n0.000000 0.033333 0.066667 0.100000 0.133333 0.166667 0.200000 0.233333 0.266667 0.300000 0.333333 0.366667 0.400000 0.433333 0.466667 0.500000\n0.533333 0.566667 0.600000 0.633333 0.666667 0.700000 0.733333 0.766667 0.800000 0.833333 0.866667 0.900000 0.933333 0.966667 1.000000 1.033333\n1.066667 1.100000 1.133333 1.166667 1.200000 1.233333 1.266667 1.300000 1.333333 1.366667 1.400000 1.433333 1.466667 1.500000 1.533333 1.566667\n1.600000 1.633333 1.666667 1.700000 1.733333 1.766667 1.800000 1.833333 1.866667 1.900000 1.933333 1.966667 2.000000 2.033333 2.066667 2.100000\n2.133333 2.166667 2.200000 2.233333 2.266667 2.300000 2.333333 2.366667 2.400000 2.433333 2.466667 2.500000 2.533333 2.566667 2.600000 2.633333\n2.666667 2.700000 2.733333 2.766667 2.800000 2.833333 2.866667 2.900000 2.933333 2.966667 3.000000 3.033333 3.066667 3.100000 3.133333 3.166667\n3.200000 3.233333 3.266667 3.300000 3.333333 3.366667 3.400000 3.433333 3.466667 3.500000 3.533333 3.566667 3.600000 3.633333 3.666667 3.700000\n3.733333 3.766667 3.800000 3.833333 3.866667 3.900000 3.933333 3.966667 4.000000 4.033333 4.066667 4.100000 4.133333 4.166667 4.200000 4.233333\n4.266667 4.300000 4.333333 4.366667 4.400000 4.433333 4.466667 4.500000 4.533333 4.566667 4.600000 4.633333 4.666667 4.700000 4.733333 4.766667\n4.800000 4.833333 4.866667 4.900000</float_array>\n        <technique_common>\n          <accessor source="#mixamorig_Hips-Matrix-animation-input-array" count="148">\n            <param name="TIME" type="float"/>\n          </accessor>\n        </technique_common>\n      </source>\n      <source id="mixamorig_Hips-Matrix-animation-output-transform">\n        <float_array id="mixamorig_Hips-Matrix-animation-output-transform-array" count="2368">\n\n0.997895 0.005116 -0.064642 -0.049726 -0.010248 0.996798 -0.079302 102.775818 0.064029 0.079798 0.994753 1.802728 0.000000 0.000000 0.000000 1.000000\n0.997997 0.006287 -0.062945 -0.084221 -0.011281 0.996788 -0.079292 102.735336 0.062244 0.079843 0.994862 1.701674 0.000000 0.000000 0.000000 1.000000\n0.998055 0.007908 -0.061831 -0.088242 -0.012856 0.996708 -0.080043 102.673187 0.060995 0.080683 0.994872 1.549976 0.000000 0.000000 0.000000 1.000000\n0.998078 0.009864 -0.061175 -0.049906 -0.014867 0.996532 -0.081873 102.584747 0.060156 0.082625 0.994763 1.332253 0.000000 0.000000 0.000000 1.000000\n0.998072 0.012088 -0.060872 0.040329 -0.017222 0.996272 -0.084528 102.464165 0.059623 0.085414 0.994560 1.043318 0.000000 0.000000 0.000000 1.000000\n0.998046 0.014640 -0.060739 0.191984 -0.019934 0.995966 -0.087486 102.319641 0.059213 0.088526 0.994312 0.690286 0.000000 0.000000 0.000000 1.000000\n0.998031 0.017647 -0.060189 0.411578 -0.023085 0.995593 -0.090895 102.155136 0.058319 0.092106 0.994040 0.275806 0.000000 0.000000 0.000000 1.000000\n0.998072 0.021245 -0.058323 0.703171 -0.026767 0.995062 -0.095582 101.967430 0.056005 0.096959 0.993711 -0.209980 0.000000 0.000000 0.000000 1.000000\n0.998181 0.025436 -0.054653 1.068093 -0.030936 0.994275 -0.102273 101.752579 0.051739 0.103778 0.993254 -0.779158 0.000000 0.000000 0.000000 1.000000\n0.998326 0.030129 -0.049368 1.502298 -0.035503 0.993089 -0.111867 101.505096 0.045656 0.113432 0.992496 -1.438941 0.000000 0.000000 0.000000 1.000000\n0.998448 0.035236 -0.043138 2.003577 -0.040412 0.991249 -0.125670 101.221199 0.038332 0.127218 0.991134 -2.193555 0.000000 0.000000 0.000000 1.000000\n0.998483 0.040414 -0.037407 2.580195 -0.045400 0.988564 -0.143804 100.905022 0.031168 0.145284 0.988899 -3.042120 0.000000 0.000000 0.000000 1.000000\n0.998389 0.045036 -0.034519 3.235111 -0.050132 0.985054 -0.164788 100.568108 0.026582 0.166254 0.985725 -3.984478 0.000000 0.000000 0.000000 1.000000\n0.998142 0.048561 -0.036796 3.950855 -0.054636 0.980676 -0.187857 100.217995 0.026962 0.189519 0.981507 -5.026635 0.000000 0.000000 0.000000 1.000000\n0.997680 0.050906 -0.045195 4.712882 -0.059458 0.974931 -0.214417 99.848328 0.033147 0.216606 0.975696 -6.162357 0.000000 0.000000 0.000000 1.000000\n0.996868 0.052831 -0.058851 5.532501 -0.065799 0.966890 -0.246566 99.441139 0.043876 0.249666 0.967337 -7.361496 0.000000 0.000000 0.000000 1.000000\n0.995547 0.055572 -0.076142 6.427186 -0.075107 0.955739 -0.284467 98.982040 0.056963 0.288919 0.955657 -8.590519 0.000000 0.000000 0.000000 1.000000\n0.993588 0.059439 -0.096178 7.394894 -0.087867 0.941274 -0.326011 98.473160 0.071152 0.332371 0.940461 -9.823730 0.000000 0.000000 0.000000 1.000000\n0.990868 0.063387 -0.119004 8.417044 -0.103444 0.923484 -0.369427 97.928619 0.086481 0.378364 0.921608 -11.033964 0.000000 0.000000 0.000000 1.000000\n0.987326 0.066767 -0.143980 9.466496 -0.121456 0.901832 -0.414665 97.363480 0.102160 0.426897 0.898511 -12.209118 0.000000 0.000000 0.000000 1.000000\n0.983322 0.070289 -0.167741 10.494236 -0.141331 0.875807 -0.461506 96.785042 0.114470 0.477516 0.871134 -13.358643 0.000000 0.000000 0.000000 1.000000\n0.979906 0.074357 -0.185082 11.438560 -0.160152 0.846417 -0.507868 96.224220 0.118893 0.527304 0.841317 -14.460983 0.000000 0.000000 0.000000 1.000000\n0.978366 0.076824 -0.192087 12.204725 -0.172299 0.816510 -0.551021 95.624969 0.114509 0.572196 0.812083 -15.426628 0.000000 0.000000 0.000000 1.000000\n0.978339 0.078209 -0.191665 12.835244 -0.178446 0.787919 -0.589356 95.056953 0.104924 0.610792 0.784808 -16.216118 0.000000 0.000000 0.000000 1.000000\n0.979176 0.078615 -0.187174 13.359590 -0.180369 0.760033 -0.624353 94.455093 0.093175 0.645112 0.758386 -16.851923 0.000000 0.000000 0.000000 1.000000\n0.980180 0.078830 -0.181748 13.796081 -0.180874 0.730350 -0.658690 93.742020 0.080815 0.678509 0.730133 -17.395550 0.000000 0.000000 0.000000 1.000000\n0.980734 0.079485 -0.178446 14.151158 -0.182646 0.697120 -0.693300 92.907341 0.069291 0.712535 0.698207 -17.872929 0.000000 0.000000 0.000000 1.000000\n0.980723 0.079812 -0.178362 14.423268 -0.186031 0.660669 -0.727261 91.968887 0.059794 0.746423 0.662780 -18.275883 0.000000 0.000000 0.000000 1.000000\n0.980571 0.078787 -0.179647 14.632968 -0.189163 0.622262 -0.759610 90.944969 0.051940 0.778834 0.625075 -18.599752 0.000000 0.000000 0.000000 1.000000\n0.980947 0.076065 -0.178765 14.815305 -0.189186 0.583248 -0.789956 89.845856 0.044176 0.808725 0.586526 -18.857018 0.000000 0.000000 0.000000 1.000000\n0.982238 0.071151 -0.173629 14.987975 -0.184062 0.545230 -0.817829 88.673225 0.036478 0.835261 0.548642 -19.071022 0.000000 0.000000 0.000000 1.000000\n0.984157 0.063230 -0.165640 15.146222 -0.174549 0.509427 -0.842625 87.435585 0.031103 0.858188 0.512393 -19.248987 0.000000 0.000000 0.000000 1.000000\n0.986087 0.052387 -0.157760 15.267971 -0.163548 0.475557 -0.864348 86.134720 0.029744 0.878124 0.477508 -19.383696 0.000000 0.000000 0.000000 1.000000\n0.987662 0.040144 -0.151371 15.338313 -0.153430 0.441662 -0.883965 84.736488 0.031369 0.896283 0.442372 -19.481596 0.000000 0.000000 0.000000 1.000000\n0.988888 0.027994 -0.146004 15.390900 -0.144734 0.405601 -0.902518 83.203133 0.033955 0.913621 0.405146 -19.542728 0.000000 0.000000 0.000000 1.000000\n0.990024 0.015042 -0.140097 15.450198 -0.135783 0.367422 -0.920089 81.512802 0.037634 0.929933 0.365799 -19.600264 0.000000 0.000000 0.000000 1.000000\n0.991313 0.000228 -0.131527 15.481067 -0.124265 0.329306 -0.936010 79.698013 0.043099 0.944223 0.326474 -19.687778 0.000000 0.000000 0.000000 1.000000\n0.992951 -0.014804 -0.117596 15.420004 -0.108117 0.293423 -0.949849 77.847191 0.048567 0.955868 0.289754 -19.793743 0.000000 0.000000 0.000000 1.000000\n0.995057 -0.027061 -0.095545 15.237788 -0.085240 0.260829 -0.961614 76.054970 0.050943 0.965006 0.257233 -19.877985 0.000000 0.000000 0.000000 1.000000\n0.997285 -0.035072 -0.064755 14.947597 -0.054924 0.231534 -0.971275 74.380661 0.049058 0.972194 0.228979 -19.899862 0.000000 0.000000 0.000000 1.000000\n0.998808 -0.039448 -0.028747 14.554521 -0.020086 0.204602 -0.978639 72.827957 0.044487 0.978050 0.203566 -19.843395 0.000000 0.000000 0.000000 1.000000\n0.999103 -0.041775 0.006974 14.021435 0.014346 0.178865 -0.983769 71.346581 0.039849 0.982986 0.179304 -19.763546 0.000000 0.000000 0.000000 1.000000\n0.998399 -0.041699 0.038224 13.356132 0.044229 0.154190 -0.987051 69.988190 0.035265 0.987161 0.155787 -19.609829 0.000000 0.000000 0.000000 1.000000\n0.997000 -0.039464 0.066591 12.553077 0.071239 0.131288 -0.988781 68.767311 0.030278 0.990558 0.133705 -19.389244 0.000000 0.000000 0.000000 1.000000\n0.994859 -0.035330 0.094909 11.614182 0.098268 0.110213 -0.989038 67.669556 0.024482 0.993280 0.113118 -19.105473 0.000000 0.000000 0.000000 1.000000\n0.992011 -0.029018 0.122771 10.556673 0.124929 0.090684 -0.988013 66.655594 0.017537 0.995457 0.093585 -18.753267 0.000000 0.000000 0.000000 1.000000\n0.988965 -0.019989 0.146796 9.407770 0.147887 0.074112 -0.986223 65.679085 0.008835 0.997050 0.076250 -18.332735 0.000000 0.000000 0.000000 1.000000\n0.986428 -0.008293 0.163982 8.193492 0.164176 0.063581 -0.984380 64.699318 -0.002263 0.997942 0.064080 -17.863266 0.000000 0.000000 0.000000 1.000000\n0.984745 0.005196 0.173923 6.942388 0.173281 0.061565 -0.982946 63.686558 -0.015815 0.998090 0.059725 -17.381216 0.000000 0.000000 0.000000 1.000000\n0.983846 0.018922 0.178012 5.695297 0.176356 0.068288 -0.981955 62.636116 -0.030736 0.997486 0.063848 -16.923338 0.000000 0.000000 0.000000 1.000000\n0.983623 0.030972 0.177557 4.494150 0.174554 0.081755 -0.981248 61.579254 -0.044907 0.996171 0.075010 -16.516109 0.000000 0.000000 0.000000 1.000000\n0.983980 0.040123 0.173706 3.358238 0.169079 0.098949 -0.980623 60.568806 -0.056534 0.994283 0.090580 -16.169083 0.000000 0.000000 0.000000 1.000000\n0.984568 0.046627 0.168675 2.283343 0.162313 0.117019 -0.979776 59.649666 -0.065422 0.992035 0.107645 -15.874767 0.000000 0.000000 0.000000 1.000000\n0.984892 0.051662 0.165285 1.261444 0.157224 0.133296 -0.978526 58.851791 -0.072584 0.989729 0.123160 -15.615917 0.000000 0.000000 0.000000 1.000000\n0.984782 0.055885 0.164563 0.291730 0.155043 0.145322 -0.977161 58.197090 -0.078523 0.987805 0.134446 -15.394562 0.000000 0.000000 0.000000 1.000000\n0.984565 0.058949 0.164794 -0.623901 0.154280 0.152288 -0.976220 57.699986 -0.082644 0.986577 0.140843 -15.227236 0.000000 0.000000 0.000000 1.000000\n0.984610 0.060407 0.163993 -1.472813 0.152985 0.155733 -0.975881 57.351254 -0.084489 0.985950 0.144095 -15.106211 0.000000 0.000000 0.000000 1.000000\n0.984879 0.060673 0.162270 -2.216980 0.151087 0.157490 -0.975894 57.116337 -0.084767 0.985655 0.145942 -14.980677 0.000000 0.000000 0.000000 1.000000\n0.985162 0.060765 0.160512 -2.818439 0.149333 0.157481 -0.976166 56.963776 -0.084594 0.985651 0.146070 -14.800682 0.000000 0.000000 0.000000 1.000000\n0.985555 0.061299 0.157874 -3.285885 0.146895 0.154517 -0.977009 56.893169 -0.084284 0.986087 0.143281 -14.569588 0.000000 0.000000 0.000000 1.000000\n0.986392 0.061997 0.152271 -3.666731 0.141750 0.148494 -0.978701 56.916332 -0.083288 0.986968 0.137685 -14.328428 0.000000 0.000000 0.000000 1.000000\n0.987772 0.061990 0.143052 -3.991335 0.133243 0.140765 -0.981036 57.014076 -0.080951 0.988100 0.130784 -14.100229 0.000000 0.000000 0.000000 1.000000\n0.989405 0.060499 0.131978 -4.254992 0.123052 0.132986 -0.983450 57.134102 -0.077049 0.989270 0.124132 -13.878002 0.000000 0.000000 0.000000 1.000000\n0.990960 0.057350 0.121279 -4.453096 0.113312 0.126164 -0.985517 57.227009 -0.071821 0.990350 0.118526 -13.655855 0.000000 0.000000 0.000000 1.000000\n0.992354 0.052953 0.111489 -4.602388 0.104479 0.120525 -0.987197 57.270237 -0.065713 0.991297 0.114071 -13.439125 0.000000 0.000000 0.000000 1.000000\n0.993634 0.047955 0.101945 -4.722003 0.095835 0.115937 -0.988622 57.268246 -0.059228 0.992098 0.110603 -13.228436 0.000000 0.000000 0.000000 1.000000\n0.994751 0.042939 0.092883 -4.815542 0.087576 0.112250 -0.989813 57.242897 -0.052927 0.992752 0.107901 -13.013273 0.000000 0.000000 0.000000 1.000000\n0.995611 0.038289 0.085394 -4.879104 0.080773 0.109252 -0.990727 57.216221 -0.047264 0.993276 0.105680 -12.777212 0.000000 0.000000 0.000000 1.000000\n0.996272 0.034300 0.079158 -4.909586 0.075107 0.106564 -0.991465 57.192619 -0.042442 0.993714 0.103590 -12.505161 0.000000 0.000000 0.000000 1.000000\n0.996911 0.031290 0.072032 -4.903114 0.068439 0.103722 -0.992249 57.154152 -0.038519 0.994114 0.101260 -12.188702 0.000000 0.000000 0.000000 1.000000\n0.997604 0.029176 0.062729 -4.850904 0.059503 0.100698 -0.993136 57.083920 -0.035292 0.994489 0.098721 -11.836092 0.000000 0.000000 0.000000 1.000000\n0.998249 0.027088 0.052584 -4.752753 0.049684 0.098438 -0.993902 56.987846 -0.032099 0.994774 0.096919 -11.469891 0.000000 0.000000 0.000000 1.000000\n0.998736 0.024103 0.044104 -4.628401 0.041537 0.098249 -0.994295 56.897202 -0.028299 0.994870 0.097124 -11.120440 0.000000 0.000000 0.000000 1.000000\n0.999033 0.020476 0.038898 -4.514938 0.036658 0.100258 -0.994286 56.858768 -0.024259 0.994751 0.099411 -10.819708 0.000000 0.000000 0.000000 1.000000\n0.999139 0.017820 0.037458 -4.453866 0.035440 0.102548 -0.994097 56.933964 -0.021556 0.994568 0.101828 -10.592840 0.000000 0.000000 0.000000 1.000000\n0.999038 0.018040 0.039966 -4.480825 0.037932 0.101669 -0.994095 57.202152 -0.021997 0.994655 0.100887 -10.443331 0.000000 0.000000 0.000000 1.000000\n0.998659 0.022209 0.046758 -4.620905 0.044465 0.094429 -0.994538 57.729851 -0.026503 0.995284 0.093314 -10.343512 0.000000 0.000000 0.000000 1.000000\n0.997851 0.030422 0.058040 -4.875657 0.055440 0.080286 -0.995229 58.489052 -0.034936 0.996308 0.078427 -10.247152 0.000000 0.000000 0.000000 1.000000\n0.996484 0.042629 0.072128 -5.215618 0.069405 0.062238 -0.995645 59.275776 -0.046932 0.997151 0.059060 -10.128159 0.000000 0.000000 0.000000 1.000000\n0.994802 0.056609 0.084640 -5.521077 0.082167 0.044671 -0.995617 59.871330 -0.060142 0.997397 0.039787 -9.967625 0.000000 0.000000 0.000000 1.000000\n0.993617 0.069564 0.088808 -5.655110 0.086897 0.030029 -0.995765 60.108582 -0.071936 0.997125 0.023792 -9.771748 0.000000 0.000000 0.000000 1.000000\n0.993434 0.080233 0.081552 -5.592412 0.080407 0.017394 -0.996610 59.944500 -0.081380 0.996624 0.010829 -9.622478 0.000000 0.000000 0.000000 1.000000\n0.993734 0.089134 0.067435 -5.381448 0.067272 0.004836 -0.997723 59.640530 -0.089257 0.996008 -0.001190 -9.501856 0.000000 0.000000 0.000000 1.000000\n0.993950 0.097373 0.050810 -5.060201 0.051738 -0.007032 -0.998636 59.337994 -0.096883 0.995223 -0.012027 -9.326170 0.000000 0.000000 0.000000 1.000000\n0.993974 0.104598 0.032789 -4.658932 0.034577 -0.015332 -0.999284 59.077438 -0.104021 0.994396 -0.018856 -9.065706 0.000000 0.000000 0.000000 1.000000\n0.993936 0.109003 0.014485 -4.204944 0.016536 -0.017934 -0.999702 58.824154 -0.108711 0.993880 -0.019628 -8.757824 0.000000 0.000000 0.000000 1.000000\n0.993988 0.109494 -0.000018 -3.735186 0.001616 -0.014835 -0.999889 58.529675 -0.109482 0.993877 -0.014923 -8.456373 0.000000 0.000000 0.000000 1.000000\n0.994159 0.107633 -0.007960 -3.299220 -0.007156 -0.007854 -0.999944 58.204670 -0.107689 0.994160 -0.007038 -8.189619 0.000000 0.000000 0.000000 1.000000\n0.994348 0.105563 -0.011326 -2.950524 -0.011407 0.000168 -0.999935 57.937672 -0.105554 0.994413 0.001371 -7.928179 0.000000 0.000000 0.000000 1.000000\n0.994567 0.103335 -0.012587 -2.699594 -0.013382 0.007009 -0.999886 57.821129 -0.103235 0.994622 0.008354 -7.654295 0.000000 0.000000 0.000000 1.000000\n0.995024 0.099074 -0.010542 -2.500309 -0.011815 0.012272 -0.999855 57.876972 -0.098930 0.995004 0.013382 -7.391260 0.000000 0.000000 0.000000 1.000000\n0.995727 0.092279 -0.003654 -2.283786 -0.005236 0.016906 -0.999843 58.065323 -0.092202 0.995590 0.017317 -7.169759 0.000000 0.000000 0.000000 1.000000\n0.996390 0.084727 0.005288 -2.012081 0.003448 0.021851 -0.999755 58.326462 -0.084822 0.996165 0.021480 -6.987342 0.000000 0.000000 0.000000 1.000000\n0.996916 0.077746 0.010719 -1.703696 0.008581 0.027785 -0.999577 58.573803 -0.078011 0.996586 0.027032 -6.832009 0.000000 0.000000 0.000000 1.000000\n0.997533 0.069507 0.009805 -1.402475 0.007327 0.035815 -0.999332 58.744839 -0.069811 0.996938 0.035218 -6.629490 0.000000 0.000000 0.000000 1.000000\n0.998111 0.061416 0.001837 -1.129542 -0.001050 0.046954 -0.998897 58.721069 -0.061434 0.997007 0.046930 -6.443086 0.000000 0.000000 0.000000 1.000000\n0.998433 0.054929 -0.010739 -0.900413 -0.014046 0.060185 -0.998088 58.469925 -0.054177 0.996675 0.060862 -6.236596 0.000000 0.000000 0.000000 1.000000\n0.998485 0.049812 -0.023374 -0.708714 -0.026953 0.072432 -0.997009 58.017376 -0.047970 0.996129 0.073665 -5.974066 0.000000 0.000000 0.000000 1.000000\n0.998458 0.045278 -0.032108 -0.543844 -0.035750 0.082065 -0.995986 57.404018 -0.042461 0.995598 0.083557 -5.694882 0.000000 0.000000 0.000000 1.000000\n0.998549 0.040317 -0.035706 -0.428561 -0.039270 0.091377 -0.995042 56.696342 -0.036854 0.995000 0.092828 -5.430281 0.000000 0.000000 0.000000 1.000000\n0.998710 0.035294 -0.036520 -0.392917 -0.039996 0.103419 -0.993833 55.964504 -0.031299 0.994011 0.104698 -5.171729 0.000000 0.000000 0.000000 1.000000\n0.998797 0.031496 -0.037586 -0.443128 -0.041045 0.117535 -0.992220 55.253468 -0.026833 0.992569 0.118686 -4.905395 0.000000 0.000000 0.000000 1.000000\n0.998784 0.029931 -0.039177 -0.574116 -0.042760 0.130358 -0.990545 54.572639 -0.024541 0.991015 0.131479 -4.646401 0.000000 0.000000 0.000000 1.000000\n0.998778 0.030778 -0.038659 -0.797370 -0.042602 0.139945 -0.989242 53.908348 -0.025037 0.989681 0.141085 -4.417447 0.000000 0.000000 0.000000 1.000000\n0.998903 0.033279 -0.032947 -1.134567 -0.037494 0.146844 -0.988449 53.253197 -0.028056 0.988600 0.147931 -4.217573 0.000000 0.000000 0.000000 1.000000\n0.999132 0.036251 -0.020545 -1.581922 -0.025842 0.152308 -0.987995 52.626350 -0.032687 0.987668 0.153113 -4.026829 0.000000 0.000000 0.000000 1.000000\n0.999230 0.039165 -0.002470 -2.092697 -0.008609 0.157371 -0.987502 52.056717 -0.038287 0.986763 0.157587 -3.821635 0.000000 0.000000 0.000000 1.000000\n0.998951 0.042423 0.017232 -2.602516 0.010100 0.162910 -0.986589 51.546043 -0.044661 0.985729 0.162310 -3.580648 0.000000 0.000000 0.000000 1.000000\n0.998402 0.045977 0.032858 -3.065596 0.024633 0.169220 -0.985270 51.053688 -0.050860 0.984505 0.167817 -3.291313 0.000000 0.000000 0.000000 1.000000\n0.997997 0.048045 0.041159 -3.458075 0.032115 0.175782 -0.983905 50.510345 -0.054506 0.983256 0.173887 -2.949912 0.000000 0.000000 0.000000 1.000000\n0.997974 0.046339 0.043603 -3.755527 0.034483 0.182018 -0.982690 49.844925 -0.053473 0.982203 0.180051 -2.545908 0.000000 0.000000 0.000000 1.000000\n0.998258 0.040664 0.042753 -3.926959 0.034380 0.187991 -0.981569 49.021309 -0.047952 0.981329 0.186265 -2.055307 0.000000 0.000000 0.000000 1.000000\n0.998714 0.033309 0.038232 -3.952491 0.031058 0.194169 -0.980476 48.062012 -0.040082 0.980402 0.192885 -1.471385 0.000000 0.000000 0.000000 1.000000\n0.999210 0.026939 0.029227 -3.833818 0.023227 0.200984 -0.979319 47.024384 -0.032256 0.979224 0.200199 -0.848929 0.000000 0.000000 0.000000 1.000000\n0.999554 0.022914 0.019140 -3.589580 0.013938 0.208774 -0.977865 45.953571 -0.026403 0.977695 0.208361 -0.294194 0.000000 0.000000 0.000000 1.000000\n0.999671 0.021119 0.014530 -3.252702 0.009590 0.217566 -0.975998 44.872936 -0.023774 0.975817 0.217292 0.118308 0.000000 0.000000 0.000000 1.000000\n0.999584 0.021119 0.019616 -2.862215 0.014321 0.226719 -0.973855 43.806416 -0.025015 0.973731 0.226322 0.391973 0.000000 0.000000 0.000000 1.000000\n0.999202 0.022726 0.032846 -2.454455 0.026586 0.235281 -0.971564 42.791477 -0.029808 0.971662 0.234489 0.576116 0.000000 0.000000 0.000000 1.000000\n0.998486 0.025633 0.048679 -2.060039 0.041018 0.242829 -0.969202 41.863411 -0.036664 0.969730 0.241410 0.711383 0.000000 0.000000 0.000000 1.000000\n0.997618 0.029196 0.062489 -1.705596 0.053253 0.249742 -0.966847 41.043068 -0.043835 0.967872 0.247592 0.813060 0.000000 0.000000 0.000000 1.000000\n0.996816 0.032672 0.072738 -1.418283 0.061963 0.256762 -0.964486 40.355556 -0.050188 0.965922 0.253920 0.890734 0.000000 0.000000 0.000000 1.000000\n0.996257 0.035518 0.078804 -1.224298 0.066690 0.264156 -0.962172 39.844463 -0.054991 0.963826 0.260798 0.957386 0.000000 0.000000 0.000000 1.000000\n0.996098 0.037448 0.079921 -1.139760 0.066852 0.271076 -0.960234 39.550163 -0.057624 0.961829 0.267514 1.016303 0.000000 0.000000 0.000000 1.000000\n0.996293 0.038601 0.076884 -1.161577 0.063306 0.276203 -0.959012 39.474976 -0.058255 0.960324 0.272735 1.039544 0.000000 0.000000 0.000000 1.000000\n0.996623 0.039286 0.072103 -1.266775 0.058340 0.279131 -0.958479 39.573555 -0.057781 0.959449 0.275896 0.986611 0.000000 0.000000 0.000000 1.000000\n0.996946 0.039746 0.067230 -1.415304 0.053455 0.280335 -0.958413 39.772949 -0.056940 0.959079 0.277354 0.847812 0.000000 0.000000 0.000000 1.000000\n0.997279 0.040247 0.061760 -1.560217 0.048068 0.280151 -0.958752 40.002918 -0.055889 0.959112 0.277454 0.657707 0.000000 0.000000 0.000000 1.000000\n0.997740 0.040718 0.053458 -1.665917 0.040025 0.278917 -0.959481 40.212029 -0.053978 0.959451 0.276657 0.474967 0.000000 0.000000 0.000000 1.000000\n0.998404 0.040379 0.039489 -1.710949 0.026768 0.277353 -0.960395 40.363110 -0.049732 0.959919 0.275829 0.354145 0.000000 0.000000 0.000000 1.000000\n0.999096 0.038347 0.018347 -1.676717 0.007060 0.275917 -0.961155 40.432129 -0.041919 0.960416 0.275397 0.327812 0.000000 0.000000 0.000000 1.000000\n0.999373 0.034535 -0.007868 -1.551879 -0.017057 0.274558 -0.961419 40.420712 -0.031043 0.960950 0.274975 0.403897 0.000000 0.000000 0.000000 1.000000\n0.998993 0.029784 -0.033568 -1.344542 -0.040446 0.273493 -0.961023 40.354713 -0.019442 0.961413 0.274422 0.571030 0.000000 0.000000 0.000000 1.000000\n0.998280 0.025129 -0.052964 -1.076440 -0.057827 0.273694 -0.960077 40.260815 -0.009630 0.961488 0.274677 0.802143 0.000000 0.000000 0.000000 1.000000\n0.997800 0.020975 -0.062891 -0.771851 -0.066239 0.276013 -0.958869 40.154640 -0.002754 0.960925 0.276795 1.061046 0.000000 0.000000 0.000000 1.000000\n0.997853 0.017098 -0.063221 -0.457740 -0.065479 0.279833 -0.957813 40.051933 0.001315 0.959897 0.280351 1.317444 0.000000 0.000000 0.000000 1.000000\n0.998284 0.013635 -0.056946 -0.163906 -0.058474 0.283377 -0.957224 39.975540 0.003086 0.958912 0.283688 1.556634 0.000000 0.000000 0.000000 1.000000\n0.998718 0.011202 -0.049373 0.080072 -0.050515 0.285561 -0.957028 39.948792 0.003379 0.958295 0.285761 1.782112 0.000000 0.000000 0.000000 1.000000\n0.998950 0.010229 -0.044646 0.253368 -0.045704 0.286641 -0.956947 39.984867 0.003009 0.957984 0.286807 2.001564 0.000000 0.000000 0.000000 1.000000\n0.999001 0.010602 -0.043413 0.353357 -0.044629 0.287164 -0.956841 40.084690 0.002322 0.957823 0.287351 2.213732 0.000000 0.000000 0.000000 1.000000\n0.998945 0.011809 -0.044379 0.393023 -0.045900 0.287319 -0.956735 40.239960 0.001453 0.957762 0.287557 2.409951 0.000000 0.000000 0.000000 1.000000\n0.998854 0.013205 -0.046009 0.386530 -0.047863 0.287136 -0.956693 40.434837 0.000577 0.957799 0.287439 2.583533 0.000000 0.000000 0.000000 1.000000\n0.998809 0.014346 -0.046634 0.342354 -0.048790 0.286620 -0.956801 40.649258 -0.000360 0.957937 0.286979 2.732446 0.000000 0.000000 0.000000 1.000000\n0.998862 0.015157 -0.045228 0.271589 -0.047674 0.285748 -0.957118 40.865162 -0.001584 0.958185 0.286146 2.854354 0.000000 0.000000 0.000000 1.000000\n0.998987 0.015715 -0.042172 0.192528 -0.044902 0.284731 -0.957555 41.067574 -0.003041 0.958479 0.285148 2.945336 0.000000 0.000000 0.000000 1.000000\n0.999131 0.016082 -0.038446 0.121181 -0.041432 0.284071 -0.957908 41.241093 -0.004484 0.958668 0.284490 2.999708 0.000000 0.000000 0.000000 1.000000\n0.999260 0.016234 -0.034874 0.061975 -0.038051 0.284094 -0.958041 41.375561 -0.005645 0.958659 0.284502 3.018903 0.000000 0.000000 0.000000 1.000000\n0.999350 0.016150 -0.032224 0.012599 -0.035489 0.284598 -0.957990 41.472126 -0.006301 0.958511 0.284986 3.005554 0.000000 0.000000 0.000000 1.000000\n0.999391 0.015837 -0.031101 -0.028487 -0.034327 0.285096 -0.957884 41.539890 -0.006304 0.958368 0.285466 2.962892 0.000000 0.000000 0.000000 1.000000</float_array>\n        <technique_common>\n          <accessor source="#mixamorig_Hips-Matrix-animation-output-transform-array" count="148" stride="16">\n            <param type="float4x4"/>\n          </accessor>\n        </technique_common>\n      </source>\n      <source id="mixamorig_Hips-Interpolations">\n        <Name_array id="mixamorig_Hips-Interpolations-array" count="148">\n LINEAR LINEAR LINEAR LINEAR LINEAR LINEAR LINEAR LINEAR LINEAR LINEAR LINEAR\nLINEAR LINEAR LINEAR LINEAR LINEAR LINEAR LINEAR LINEAR LINEAR LINEAR LINEAR LINEAR\nLINEAR LINEAR LINEAR LINEAR LINEAR LINEAR LINEAR LINEAR LINEAR LINEAR LINEAR LINEAR\nLINEAR LINEAR LINEAR LINEAR LINEAR LINEAR LINEAR LINEAR LINEAR LINEAR LINEAR LINEAR\nLINEAR LINEAR LINEAR LINEAR LINEAR LINEAR LINEAR LINEAR LINEAR LINEAR LINEAR LINEAR\nLINEAR LINEAR LINEAR LINEAR LINEAR LINEAR LINEAR LINEAR LINEAR LINEAR LINEAR LINEAR\nLINEAR LINEAR LINEAR LINEAR LINEAR LINEAR LINEAR LINEAR LINEAR LINEAR LINEAR LINEAR\nLINEAR LINEAR LINEAR LINEAR LINEAR LINEAR LINEAR LINEAR LINEAR LINEAR LINEAR LINEAR\nLINEAR LINEAR LINEAR LINEAR LINEAR LINEAR LINEAR LINEAR LINEAR LINEAR LINEAR LINEAR\nLINEAR LINEAR LINEAR LINEAR LINEAR LINEAR LINEAR LINEAR LINEAR LINEAR LINEAR LINEAR\nLINEAR LINEAR LINEAR LINEAR LINEAR LINEAR LINEAR LINEAR LINEAR LINEAR LINEAR LINEAR\nLINEAR LINEAR LINEAR LINEAR LINEAR LINEAR LINEAR LINEAR LINEAR LINEAR LINEAR LINEAR\nLINEAR LINEAR LINEAR LINEAR LINEAR</Name_array>\n        <technique_common>\n          <accessor source="#mixamorig_Hips-Interpolations-array" count="148">\n            <param type="name"/>\n          </accessor>\n        </technique_common>\n      </source>\n      <sampler id="mixamorig_Hips-Matrix-animation-transform">\n        <input semantic="INPUT" source="#mixamorig_Hips-Matrix-animation-input"/>\n        <input semantic="OUTPUT" source="#mixamorig_Hips-Matrix-animation-output-transform"/>\n        <input semantic="INTERPOLATION" source="#mixamorig_Hips-Interpolations"/>\n      </sampler>\n      <channel source="#mixamorig_Hips-Matrix-animation-transform" target="mixamorig_Hips/matrix"/>\n    </animation>\n    <animation id="mixamorig_Spine-anim" name="mixamorig_Spine">\n      <source id="mixamorig_Spine-Matrix-animation-input">\n        <float_array id="mixamorig_Spine-Matrix-animation-input-array" count="148">\n\n0.000000 0.033333 0.066667 0.100000 0.133333 0.166667 0.200000 0.233333 0.266667 0.300000 0.333333 0.366667 0.400000 0.433333 0.466667 0.500000\n0.533333 0.566667 0.600000 0.633333 0.666667 0.700000 0.733333 0.766667 0.800000 0.833333 0.866667 0.900000 0.933333 0.966667 1.000000 1.033333\n1.066667 1.100000 1.133333 1.166667 1.200000 1.233333 1.266667 1.300000 1.333333 1.366667 1.400000 1.433333 1.466667 1.500000 1.533333 1.566667\n1.600000 1.633333 1.666667 1.700000 1.733333 1.766667 1.800000 1.833333 1.866667 1.900000 1.933333 1.966667 2.000000 2.033333 2.066667 2.100000\n2.133333 2.166667 2.200000 2.233333 2.266667 2.300000 2.333333 2.366667 2.400000 2.433333 2.466667 2.500000 2.533333 2.566667 2.600000 2.633333\n2.666667 2.700000 2.733333 2.766667 2.800000 2.833333 2.866667 2.900000 2.933333 2.966667 3.000000 3.033333 3.066667 3.100000 3.133333 3.166667\n3.200000 3.233333 3.266667 3.300000 3.333333 3.366667 3.400000 3.433333 3.466667 3.500000 3.533333 3.566667 3.600000 3.633333 3.666667 3.700000\n3.733333 3.766667 3.800000 3.833333 3.866667 3.900000 3.933333 3.966667 4.000000 4.033333 4.066667 4.100000 4.133333 4.166667 4.200000 4.233333\n4.266667 4.300000 4.333333 4.366667 4.400000 4.433333 4.466667 4.500000 4.533333 4.566667 4.600000 4.633333 4.666667 4.700000 4.733333 4.766667\n4.800000 4.833333 4.866667 4.900000</float_array>\n        <technique_common>\n          <accessor source="#mixamorig_Spine-Matrix-animation-input-array" count="148">\n            <param name="TIME" type="float"/>\n          </accessor>\n        </technique_common>\n      </source>\n      <source id="mixamorig_Spine-Matrix-animation-output-transform">\n        <float_array id="mixamorig_Spine-Matrix-animation-output-transform-array" count="2368">\n\n0.999981 -0.003466 0.005078 0.000000 0.002626 0.987614 0.156883 10.182400 -0.005559 -0.156867 0.987604 0.000000 0.000000 0.000000 0.000000 1.000000\n0.999981 -0.003299 0.005112 -0.000000 0.002462 0.987762 0.155950 10.182400 -0.005564 -0.155934 0.987752 0.000000 0.000000 0.000000 0.000000 1.000000\n0.999981 -0.003238 0.005254 -0.000000 0.002386 0.987967 0.154648 10.182400 -0.005691 -0.154632 0.987956 0.000000 0.000000 0.000000 0.000000 1.000000\n0.999979 -0.003272 0.005603 0.000000 0.002377 0.988222 0.153009 10.182400 -0.006038 -0.152993 0.988209 -0.000000 0.000000 0.000000 0.000000 1.000000\n0.999975 -0.003482 0.006219 0.000000 0.002503 0.988531 0.150999 10.182400 -0.006673 -0.150980 0.988514 0.000000 0.000000 0.000000 0.000000 1.000000\n0.999967 -0.004009 0.006999 0.000000 0.002925 0.988907 0.148505 10.182400 -0.007516 -0.148479 0.988887 0.000000 0.000000 0.000000 0.000000 1.000000\n0.999958 -0.004929 0.007685 0.000000 0.003759 0.989356 0.145469 10.182400 -0.008321 -0.145434 0.989333 0.000000 0.000000 0.000000 0.000000 1.000000\n0.999948 -0.006301 0.008039 0.000000 0.005097 0.989859 0.141965 10.182400 -0.008852 -0.141917 0.989839 0.000000 0.000000 0.000000 0.000000 1.000000\n0.999935 -0.008111 0.008005 0.000000 0.006929 0.990398 0.138073 10.182400 -0.009048 -0.138009 0.990390 0.000000 0.000000 0.000000 0.000000 1.000000\n0.999919 -0.010205 0.007654 0.000000 0.009089 0.990955 0.133885 10.182400 -0.008951 -0.133805 0.990967 -0.000000 0.000000 0.000000 0.000000 1.000000\n0.999897 -0.012465 0.007114 -0.000000 0.011439 0.991507 0.129552 10.182400 -0.008668 -0.129457 0.991547 0.000000 0.000000 0.000000 0.000000 1.000000\n0.999867 -0.014868 0.006674 -0.000000 0.013918 0.992061 0.124986 10.182400 -0.008480 -0.124876 0.992136 0.000000 0.000000 0.000000 0.000000 1.000000\n0.999828 -0.017294 0.006746 -0.000000 0.016362 0.992669 0.119754 10.182400 -0.008768 -0.119623 0.992781 0.000000 0.000000 0.000000 0.000000 1.000000\n0.999781 -0.019487 0.007591 0.000000 0.018500 0.993362 0.113530 10.182400 -0.009753 -0.113365 0.993506 0.000000 0.000000 0.000000 0.000000 1.000000\n0.999731 -0.021334 0.009152 -0.000000 0.020238 0.994100 0.106566 10.182400 -0.011371 -0.106352 0.994264 -0.000000 0.000000 0.000000 0.000000 1.000000\n0.999671 -0.023087 0.011163 0.000000 0.021861 0.994786 0.099616 10.182400 -0.013404 -0.099339 0.994963 0.000000 0.000000 0.000000 0.000000 1.000000\n0.999594 -0.025145 0.013410 -0.000000 0.023788 0.995359 0.093249 10.182400 -0.015692 -0.092892 0.995552 0.000000 0.000000 0.000000 0.000000 1.000000\n0.999492 -0.027611 0.015897 -0.000000 0.026120 0.995833 0.087377 10.182400 -0.018243 -0.086918 0.996048 0.000000 0.000000 0.000000 0.000000 1.000000\n0.999365 -0.030277 0.018805 -0.000000 0.028644 0.996242 0.081745 10.182400 -0.021209 -0.081155 0.996476 0.000000 0.000000 0.000000 0.000000 1.000000\n0.999206 -0.033032 0.022277 0.000000 0.031242 0.996587 0.076414 10.182400 -0.024725 -0.075657 0.996827 -0.000000 0.000000 0.000000 0.000000 1.000000\n0.999029 -0.035610 0.025927 -0.000000 0.033680 0.996879 0.071405 10.182400 -0.028389 -0.070462 0.997110 0.000000 0.000000 0.000000 0.000000 1.000000\n0.998896 -0.037197 0.028696 0.000000 0.035225 0.997170 0.066418 10.182400 -0.031085 -0.065334 0.997379 -0.000000 0.000000 0.000000 0.000000 1.000000\n0.998936 -0.035946 0.028909 0.000000 0.034125 0.997544 0.061165 10.182400 -0.031037 -0.060113 0.997709 0.000000 0.000000 0.000000 0.000000 1.000000\n0.999020 -0.033872 0.028473 0.000000 0.032243 0.997918 0.055862 10.182400 -0.030306 -0.054889 0.998032 -0.000000 0.000000 0.000000 0.000000 1.000000\n0.999095 -0.031728 0.028346 0.000000 0.030251 0.998236 0.051077 10.182400 -0.029917 -0.050174 0.998292 0.000000 0.000000 0.000000 0.000000 1.000000\n0.999124 -0.030008 0.029162 -0.000000 0.028607 0.998470 0.047326 10.182400 -0.030538 -0.046450 0.998454 -0.000000 0.000000 0.000000 0.000000 1.000000\n0.999077 -0.029070 0.031635 0.000000 0.027645 0.998623 0.044578 10.182400 -0.032887 -0.043662 0.998505 0.000000 0.000000 0.000000 0.000000 1.000000\n0.998969 -0.028382 0.035436 0.000000 0.026874 0.998742 0.042342 10.182400 -0.036593 -0.041346 0.998475 0.000000 0.000000 0.000000 0.000000 1.000000\n0.998845 -0.027342 0.039507 0.000000 0.025746 0.998854 0.040358 10.182400 -0.040566 -0.039294 0.998404 -0.000000 0.000000 0.000000 0.000000 1.000000\n0.998743 -0.025866 0.042938 0.000000 0.024209 0.998959 0.038673 10.182400 -0.043894 -0.037585 0.998329 0.000000 0.000000 0.000000 0.000000 1.000000\n0.998675 -0.023997 0.045526 0.000000 0.022318 0.999065 0.037033 10.182400 -0.046372 -0.035968 0.998276 0.000000 0.000000 0.000000 0.000000 1.000000\n0.998617 -0.021772 0.047862 0.000000 0.020111 0.999188 0.034911 10.182400 -0.048583 -0.033900 0.998244 0.000000 0.000000 0.000000 0.000000 1.000000\n0.998538 -0.019238 0.050521 0.000000 0.017622 0.999324 0.032252 10.182400 -0.051107 -0.031315 0.998202 -0.000000 0.000000 0.000000 0.000000 1.000000\n0.998428 -0.016509 0.053563 0.000000 0.014931 0.999447 0.029726 10.182400 -0.054024 -0.028880 0.998122 0.000000 0.000000 0.000000 0.000000 1.000000\n0.998273 -0.013935 0.057068 0.000000 0.012347 0.999529 0.028092 10.182400 -0.057433 -0.027339 0.997975 0.000000 0.000000 0.000000 0.000000 1.000000\n0.998095 -0.011055 0.060703 0.000000 0.009407 0.999581 0.027362 10.182400 -0.060980 -0.026739 0.997781 0.000000 0.000000 0.000000 0.000000 1.000000\n0.997941 -0.007421 0.063707 0.000000 0.005717 0.999622 0.026895 10.182400 -0.063882 -0.026475 0.997606 0.000000 0.000000 0.000000 0.000000 1.000000\n0.997853 -0.003550 0.065391 -0.000000 0.001843 0.999656 0.026146 10.182400 -0.065461 -0.025969 0.997517 -0.000000 0.000000 0.000000 0.000000 1.000000\n0.997868 -0.000246 0.065258 -0.000000 -0.001390 0.999686 0.025033 10.182400 -0.065244 -0.025070 0.997554 0.000000 0.000000 0.000000 0.000000 1.000000\n0.997994 0.002303 0.063260 -0.000000 -0.003815 0.999710 0.023789 10.182400 -0.063187 -0.023983 0.997714 0.000000 0.000000 0.000000 0.000000 1.000000\n0.998183 0.004612 0.060086 0.000000 -0.005987 0.999724 0.022728 10.182400 -0.059964 -0.023046 0.997934 0.000000 0.000000 0.000000 0.000000 1.000000\n0.998378 0.007511 0.056438 0.000000 -0.008761 0.999721 0.021927 10.182400 -0.056258 -0.022385 0.998165 0.000000 0.000000 0.000000 0.000000 1.000000\n0.998502 0.009736 0.053843 0.000000 -0.010886 0.999718 0.021102 10.182400 -0.053622 -0.021657 0.998326 0.000000 0.000000 0.000000 0.000000 1.000000\n0.998592 0.010857 0.051931 0.000000 -0.011903 0.999732 0.019861 10.182400 -0.051702 -0.020452 0.998453 -0.000000 0.000000 0.000000 0.000000 1.000000\n0.998693 0.011163 0.049872 0.000000 -0.012088 0.999760 0.018291 10.182400 -0.049656 -0.018870 0.998588 0.000000 0.000000 0.000000 0.000000 1.000000\n0.998810 0.011183 0.047480 0.000000 -0.011993 0.999787 0.016809 10.182400 -0.047282 -0.017358 0.998731 -0.000000 0.000000 0.000000 0.000000 1.000000\n0.998915 0.011064 0.045243 0.000000 -0.011775 0.999811 0.015479 10.182400 -0.045063 -0.015995 0.998856 0.000000 0.000000 0.000000 0.000000 1.000000\n0.998993 0.010535 0.043606 0.000000 -0.011150 0.999841 0.013893 10.182400 -0.043453 -0.014365 0.998952 0.000000 0.000000 0.000000 0.000000 1.000000\n0.999053 0.009399 0.042483 -0.000000 -0.009908 0.999881 0.011783 10.182400 -0.042367 -0.012193 0.999028 0.000000 0.000000 0.000000 0.000000 1.000000\n0.999105 0.007901 0.041543 0.000000 -0.008298 0.999921 0.009400 10.182400 -0.041465 -0.009736 0.999093 0.000000 0.000000 0.000000 0.000000 1.000000\n0.999149 0.006534 0.040730 0.000000 -0.006832 0.999951 0.007168 10.182400 -0.040682 -0.007440 0.999144 0.000000 0.000000 0.000000 0.000000 1.000000\n0.999174 0.005598 0.040248 0.000000 -0.005811 0.999970 0.005190 10.182400 -0.040217 -0.005420 0.999176 0.000000 0.000000 0.000000 0.000000 1.000000\n0.999180 0.005108 0.040165 0.000000 -0.005244 0.999981 0.003264 10.182400 -0.040148 -0.003472 0.999188 0.000000 0.000000 0.000000 0.000000 1.000000\n0.999178 0.004975 0.040231 0.000000 -0.005034 0.999986 0.001363 10.182400 -0.040224 -0.001564 0.999189 0.000000 0.000000 0.000000 0.000000 1.000000\n0.999185 0.005212 0.040034 0.000000 -0.005206 0.999986 -0.000247 10.182400 -0.040035 0.000038 0.999198 0.000000 0.000000 0.000000 0.000000 1.000000\n0.999207 0.005824 0.039397 -0.000000 -0.005768 0.999982 -0.001536 10.182400 -0.039405 0.001307 0.999222 0.000000 0.000000 0.000000 0.000000 1.000000\n0.999241 0.006680 0.038365 0.000000 -0.006571 0.999974 -0.002964 10.182400 -0.038384 0.002710 0.999259 -0.000000 0.000000 0.000000 0.000000 1.000000\n0.999292 0.007516 0.036863 0.000000 -0.007339 0.999961 -0.004937 10.182400 -0.036899 0.004663 0.999308 0.000000 0.000000 0.000000 0.000000 1.000000\n0.999363 0.008049 0.034759 0.000000 -0.007798 0.999943 -0.007331 10.182400 -0.034816 0.007055 0.999369 0.000000 0.000000 0.000000 0.000000 1.000000\n0.999447 0.008073 0.032268 0.000000 -0.007763 0.999923 -0.009726 10.182400 -0.032344 0.009470 0.999432 -0.000000 0.000000 0.000000 0.000000 1.000000\n0.999525 0.007599 0.029857 0.000000 -0.007245 0.999902 -0.011954 10.182400 -0.029945 0.011732 0.999483 -0.000000 0.000000 0.000000 0.000000 1.000000\n0.999593 0.006913 0.027689 -0.000000 -0.006522 0.999878 -0.014215 10.182400 -0.027784 0.014029 0.999516 0.000000 0.000000 0.000000 0.000000 1.000000\n0.999652 0.006385 0.025600 -0.000000 -0.005956 0.999841 -0.016801 10.182400 -0.025703 0.016643 0.999531 -0.000000 0.000000 0.000000 0.000000 1.000000\n0.999701 0.006206 0.023645 -0.000000 -0.005738 0.999787 -0.019800 10.182400 -0.023763 0.019659 0.999524 0.000000 0.000000 0.000000 0.000000 1.000000\n0.999733 0.006334 0.022213 0.000000 -0.005823 0.999719 -0.022991 10.182400 -0.022352 0.022856 0.999489 0.000000 0.000000 0.000000 0.000000 1.000000\n0.999749 0.006506 0.021418 0.000000 -0.005948 0.999645 -0.025981 10.182400 -0.021579 0.025848 0.999433 0.000000 0.000000 0.000000 0.000000 1.000000\n0.999764 0.006365 0.020781 0.000000 -0.005770 0.999576 -0.028544 10.182400 -0.020954 0.028417 0.999377 0.000000 0.000000 0.000000 0.000000 1.000000\n0.999787 0.005821 0.019814 0.000000 -0.005207 0.999509 -0.030892 10.182400 -0.019984 0.030782 0.999326 0.000000 0.000000 0.000000 0.000000 1.000000\n0.999813 0.005199 0.018620 -0.000000 -0.004573 0.999429 -0.033480 10.182400 -0.018783 0.033388 0.999266 0.000000 0.000000 0.000000 0.000000 1.000000\n0.999833 0.004865 0.017602 0.000000 -0.004220 0.999325 -0.036506 10.182400 -0.017767 0.036425 0.999178 0.000000 0.000000 0.000000 0.000000 1.000000\n0.999847 0.004946 0.016791 -0.000000 -0.004276 0.999201 -0.039729 10.182400 -0.016974 0.039651 0.999069 0.000000 0.000000 0.000000 0.000000 1.000000\n0.999858 0.005514 0.015954 0.000000 -0.004827 0.999071 -0.042819 10.182400 -0.016175 0.042736 0.998955 0.000000 0.000000 0.000000 0.000000 1.000000\n0.999862 0.006661 0.015192 0.000000 -0.005961 0.998937 -0.045702 10.182400 -0.015481 0.045605 0.998840 0.000000 0.000000 0.000000 0.000000 1.000000\n0.999855 0.008176 0.014913 -0.000000 -0.007444 0.998795 -0.048509 10.182400 -0.015291 0.048391 0.998711 -0.000000 0.000000 0.000000 0.00